A0 = [154.8 -262.16 1350; 297.68 -113.25 1296; 196.55 38.42 1160]
A1 = [162.67 -262.93 1354; 303.79 -107.05 1307; 196.55 111.49 1160]
